0.17468156 0.67074156 0.5417708
0.10075309 0.3166442 0.622663
0.07565312 0.2763363 0.62143326
0.062048897 0.26925886 0.60709983
0.05323112 0.26710153 0.5897366
0.046941172 0.26550788 0.5704261
0.04217697 0.26360923 0.5488964
0.03841964 0.261088 0.5247855
0.03537358 0.25766575 0.49792427
0.03285913 0.2530133 0.46848124
0.03076172 0.24674726 0.4370395
0.029003544 0.2384699 0.40456343
0.02752639 0.22786492 0.37224117
0.02628039 0.21483773 0.34126645
0.025217716 0.19963932 0.31263247
0.02429088 0.18289226 0.2869904
0.023455245 0.16547787 0.2646092
0.022674186 0.14833015 0.24544376
0.021923292 0.13222665 0.22925186
0.021190928 0.11766124 0.21569389
0.02047508 0.1048339 0.20439656
0.019778807 0.09372246 0.19499113
0.019106768 0.084177315 0.18713367
0.018463086 0.075996935 0.18051736
0.017850587 0.06897634 0.17487697
0.01727067 0.06292945 0.16998999
0.016723597 0.05769801 0.16567443
0.016208757 0.05315119 0.1617851
0.015725017 0.049182415 0.15820895
0.01527087 0.045704365 0.15485954
0.014844607 0.042645276 0.1516729
0.014444457 0.039945662 0.14860226
0.014068653 0.0375551 0.14561528
0.013715449 0.035431385 0.14269044
0.013383174 0.033537984 0.1398147
0.013070281 0.03184414 0.13698156
0.012775302 0.030323088 0.1341887
0.012496882 0.02895242 0.13143715
0.012233783 0.027712703 0.12872998
0.011984852 0.026587188 0.12607113
0.011749051 0.025561929 0.12346484
0.011525417 0.024624705 0.12091535
0.011313066 0.023765087 0.11842638
0.011111183 0.022974193 0.11600116
0.010919036 0.022244215 0.11364192
0.010735952 0.021568596 0.11135049
0.010561301 0.020941556 0.10912777
0.010394537 0.020358086 0.10697428
0.010235121 0.019813776 0.10488988
0.01008256 0.01930499 0.10287371
0.009936443 0.018828154 0.10092495
0.009796343 0.018380404 0.099042214
0.0096619 0.017959237 0.09722393
0.009532764 0.017562091 0.09546826
0.009408611 0.017187178 0.093773365
0.0092891585 0.01683253 0.09213719
0.009174121 0.01649654 0.09055773
0.009063256 0.016177714 0.08903289
0.0089563215 0.015874743 0.08756054
0.0088531105 0.015586615 0.08613871
0.00875342 0.015311897 0.08476525
0.008657072 0.015049934 0.0834382
0.008563867 0.014799833 0.0821557
0.008473669 0.01456058 0.08091582
0.008386308 0.014331579 0.07971673
0.008301658 0.0141121745 0.078556776
0.008219585 0.0139017105 0.07743423
0.008139947 0.013699651 0.07634747
0.008062659 0.013505459 0.07529501
0.0079875905 0.013318777 0.07427539
0.007914638 0.01313895 0.07328716
0.007843719 0.012965798 0.07232902
0.0077747367 0.012798905 0.07139974
0.007707611 0.012637734 0.07049798
0.007642264 0.012482226 0.06962273
0.007578607 0.012332022 0.06877286
0.0075165797 0.012186646 0.06794723
0.0074561182 0.012046099 0.06714503
0.0073971576 0.011910021 0.06636512
0.007339619 0.011778176 0.06560678
0.0072834827 0.011650443 0.06486901
0.007228663 0.011526525 0.06415102
0.007175129 0.011406302 0.06345215
0.007122818 0.011289656 0.062771544
0.0070716958 0.011176288 0.062108483
0.007021716 0.011066079 0.061462373
0.00697284 0.010959089 0.06083255
0.0069250194 0.010854781 0.060218435
0.006878222 0.010753453 0.0596194
0.0068324143 0.010654867 0.059034947
0.0067875525 0.010558724 0.058464475
0.0067436257 0.0104650855 0.057907563
0.006700584 0.010373831 0.057363696
0.0066584116 0.010284841 0.056832414
0.0066170665 0.0101979375 0.056313265
0.0065765246 0.010113299 0.05580585
0.006536765 0.010030568 0.05530977
0.0064977687 0.009949803 0.054824654
0.006459501 0.009870946 0.05435015
0.0064219446 0.009793937 0.053885806
0.006385071 0.009718537 0.05343143
0.006348871 0.009644866 0.052986626
0.0063133235 0.009572864 0.05255105
0.0062784026 0.009502351 0.052124478
0.0062440904 0.009433448 0.051706653
0.006210379 0.009365916 0.05129721
0.0061772387 0.009299815 0.050895907
0.006144658 0.009235024 0.050502554
0.006112622 0.009171605 0.05011691
0.006081124 0.0091094375 0.049738698
0.0060501397 0.009048581 0.049367726
0.0060196486 0.008988857 0.049003746
0.0059896577 0.008930206 0.04864658
0.005960136 0.008872807 0.048296034
0.0059310864 0.008816361 0.04795192
0.0059024785 0.008761108 0.04761403
0.005874309 0.008706868 0.047282267
0.0058465754 0.008653581 0.046956353
0.0058192615 0.008601308 0.046636198
0.005792347 0.008549869 0.046321623
0.0057658367 0.008499384 0.046012495
0.005739709 0.008449793 0.045708638
0.0057139695 0.008401036 0.045409966
0.00568859 0.008353174 0.045116276
0.00566357 0.008306086 0.044827502
0.0056389133 0.008259773 0.044543494
0.0056145894 0.008214295 0.044264063
0.0055906116 0.008169472 0.043989163
0.0055669593 0.008125365 0.043718684
0.0055436282 0.008082092 0.043452498
0.0055206087 0.008039415 0.043190494
0.0054978975 0.007997513 0.042932592
0.0054754927 0.007956088 0.042678654
0.0054533696 0.007915497 0.0424286
0.0054315394 0.007875502 0.042182382
0.005409993 0.007835984 0.041939843
0.0053887162 0.007797122 0.04170094
0.0053677135 0.007758856 0.041465607
0.0053469725 0.0077211857 0.041233677
0.0053264955 0.0076841116 0.04100513
0.005306262 0.0076474547 0.040779896
0.0052862787 0.0076114535 0.040557873
0.005266545 0.0075758696 0.040339027
0.005247041 0.0075407624 0.040123235
0.00522777 0.0075062513 0.039910465
0.005208728 0.0074720383 0.03970064
0.005189917 0.007438481 0.0394937
0.005171314 0.0074053407 0.03928957
0.0051529356 0.007372558 0.039088186
0.0051347665 0.0073403716 0.03888955
0.0051168012 0.0073084235 0.03869351
0.005099044 0.0072770715 0.038500104
0.005081481 0.007246077 0.0383092
0.0050641126 0.0072153807 0.03812078
0.005046944 0.0071852207 0.0379348
0.0050299573 0.007155359 0.0377512
0.0050131567 0.0071259737 0.03756995
0.004996542 0.007096827 0.037391048
0.0049801 0.007068157 0.037214324
0.004963837 0.007039845 0.03703982
0.004947744 0.0070117116 0.036867425
0.004931827 0.0069841146 0.036697183
0.0049160705 0.0069566965 0.036529
0.004900476 0.006929815 0.036362853
0.0048850486 0.006903112 0.036198705
0.0048697693 0.0068767667 0.036036506
0.0048546474 0.00685066 0.03587625
0.0048396806 0.0068249106 0.03571787
0.004824865 0.0067994 0.035561353
0.0048101977 0.0067742467 0.035406627
0.0047956677 0.006749451 0.035253666
0.0047812904 0.0067248344 0.035102475
0.0047670463 0.0067005157 0.034953002
0.0047529414 0.006676376 0.034805246
0.004738975 0.006652653 0.0346591
0.004725137 0.0066291094 0.034514584
0.0047114347 0.006605923 0.034371696
0.0046978593 0.006582856 0.034230363
0.0046844142 0.006560147 0.034090556
0.004671089 0.0065375566 0.033952292
0.00465789 0.006515324 0.0338155
0.0046448126 0.006493211 0.033680182
0.0046318546 0.006471455 0.033546302
0.004619018 0.006449938 0.033413816
0.0046062917 0.00642848 0.03328276
0.0045936783 0.0064073205 0.033153065
0.0045811846 0.006386459 0.03302468
0.0045688 0.006365776 0.032897644
0.0045565204 0.006345153 0.032771915
0.004544353 0.006324947 0.032647442
0.004532292 0.0063048005 0.032524247
0.004520333 0.0062848926 0.03240229
0.004508472 0.006265223 0.032281563
0.004496721 0.0062456727 0.032162033
0.0044850665 0.0062264204 0.032043688
0.0044735055 0.006207347 0.031926483
0.0044620484 0.0061883926 0.03181043
0.0044506905 0.006169498 0.031695522
0.00443942 0.0061509013 0.03158175
0.0044282437 0.006132543 0.031469014
0.004417164 0.006114304 0.031357393
0.0044061686 0.0060961843 0.031246811
0.004395267 0.0060782433 0.031137286
0.004384453 0.0060606003 0.031028775
0.0043737236 0.0060429573 0.030921265
0.0043630823 0.006025493 0.030814767
0.0043525225 0.006008327 0.030709267
0.004342052 0.0059912205 0.030604735
0.0043316605 0.0059742928 0.030501151
0.0043213484 0.0059574246 0.030398497
0.004311117 0.005940795 0.030296782
0.004300966 0.005924344 0.030195996
0.004290894 0.005907953 0.030096078
0.004280897 0.0058916807 0.029997049
0.004270979 0.005875647 0.02989892
0.004261133 0.005859673 0.029801628
0.004251368 0.005843878 0.02970522
0.004241666 0.005828202 0.02960963
0.0042320415 0.005812645 0.029514864
0.004222493 0.0057972074 0.029420918
0.0042130104 0.005782008 0.029327782
0.0042035966 0.005766809 0.029235428
0.004194256 0.005751848 0.029143881
0.0041849795 0.0057368875 0.02905309
0.004175767 0.005722165 0.028963065
0.00416663 0.005707383 0.02887377
0.0041575506 0.005692899 0.028785214
0.00414854 0.0056784153 0.028697394
0.0041395943 0.00566417 0.028610319
0.0041307067 0.005649984 0.02852394
0.004121885 0.0056358576 0.028438274
0.0041131275 0.0056218505 0.028353292
0.004104427 0.005608022 0.028269006
0.0040957844 0.0055942535 0.028185414
0.004087208 0.005580604 0.028102437
0.004078688 0.0055671334 0.028020158
0.0040702247 0.0055537224 0.027938537
0.0040618232 0.0055402517 0.02785754
0.0040534735 0.005527079 0.027777156
0.0040451833 0.005513966 0.027697429
0.00403695 0.0055009127 0.027618328
0.00402877 0.005488038 0.027539792
0.0040206467 0.0054751635 0.027461901
0.0040125716 0.0054624677 0.027384605
0.004004553 0.0054497123 0.027307909
0.0039965846 0.0054371953 0.027231757
0.0039886716 0.005424738 0.027156226
0.00398081 0.00541234 0.027081223
0.0039729984 0.0054000616 0.027006801
0.0039652316 0.0053879023 0.02693291
0.003957521 0.0053758025 0.026859583
0.003949858 0.0053637624 0.02678678
0.0039422433 0.0053518414 0.026714534
0.0039346786 0.0053399205 0.02664281
0.00392716 0.005328238 0.02657162
0.003919687 0.0053165555 0.02650096
0.0039122603 0.005304873 0.02643079
0.0039048824 0.0052933097 0.0263611
0.0038975521 0.0052818656 0.026291948
0.003890267 0.0052705407 0.026223259
0.003883023 0.005259216 0.02615506
0.0038758218 0.00524801 0.026087373
0.0038686707 0.0052369237 0.026020123
0.0038615586 0.005225837 0.025953362
0.0038544901 0.00521487 0.025887066
0.0038474659 0.005204022 0.025821213
0.0038404781 0.005193174 0.025755808
0.003833536 0.005182445 0.025690872
0.0038266408 0.005171716 0.025626408
0.0038197811 0.0051611066 0.02556234
0.0038129615 0.005150616 0.025498705
0.0038061843 0.005140066 0.02543552
0.0037994408 0.005129695 0.025372762
0.0037927437 0.0051193237 0.025310434
0.00378608 0.0051090717 0.025248498
0.0037794597 0.0050988197 0.025187006
0.003772875 0.0050886273 0.025125938
0.003766328 0.0050786138 0.025065232
0.003759819 0.0050686 0.025004948
0.0037533466 0.005058646 0.024945032
0.0037469119 0.005048752 0.024885535
0.0037405111 0.0050389767 0.02482641
0.0037341497 0.0050292015 0.024767673
0.0037278205 0.005019486 0.024709327
0.0037215266 0.00500983 0.02465134
0.0037152697 0.0050002337 0.024593713
0.003709048 0.004990697 0.024536466
0.0037028578 0.0049812794 0.024479574
0.003696706 0.0049718022 0.024423046
0.0036905834 0.004962504 0.024366863
0.0036844974 0.004953146 0.024311056
0.0036784392 0.004943967 0.024255583
0.0036724182 0.004934728 0.024200464
0.0036664316 0.0049256682 0.02414569
0.003660474 0.0049165487 0.024091255
0.003654547 0.004907489 0.02403716
0.003648652 0.0048984885 0.023983367
0.0036427907 0.004889667 0.02392992
0.0036369609 0.004880786 0.023876797
0.0036311618 0.0048719645 0.023824004
0.0036253904 0.0048632026 0.0237715
0.0036196487 0.0048545003 0.023719354
0.0036139402 0.0048458576 0.023667492
0.0036082577 0.0048372746 0.02361595
0.0036026067 0.004828632 0.02356471
0.0035969848 0.0048201084 0.02351376
0.0035913975 0.0048117638 0.023463104
0.0035858306 0.0048032403 0.023412758
0.0035802976 0.0047949553 0.02336273
0.0035747883 0.0047866106 0.023312973
0.0035693098 0.0047783256 0.023263514
0.003563855 0.0047700405 0.023214336
0.0035584318 0.0047619343 0.02316545
0.0035530357 0.0047537684 0.023116836
0.0035476645 0.004745722 0.023068504
0.003542325 0.004737735 0.023020452
0.0035370036 0.004729688 0.022972671
0.0035317154 0.0047216415 0.022925168
0.0035264483 0.004713714 0.02287793
0.0035212093 0.0047059655 0.02283096
0.003515998 0.004698038 0.022784255
0.003510809 0.004690349 0.022737812
0.00350565 0.004682541 0.022691645
0.0035005114 0.0046749115 0.022645732
0.0034954005 0.0046672225 0.022600053
0.0034903118 0.0046595335 0.022554632
0.003485249 0.0046519637 0.022509452
0.0034802062 0.004644394 0.022464544
0.0034751939 0.004637003 0.022419874
0.0034702008 0.0046295524 0.022375433
0.0034652362 0.004622102 0.022331245
0.00346029 0.004614651 0.022287287
0.0034553686 0.00460732 0.022243569
0.003450469 0.0045999885 0.02220009
0.0034455913 0.0045927763 0.02215685
0.0034407417 0.0045855045 0.02211383
0.0034359118 0.0045782924 0.022071067
0.003431107 0.0045711994 0.022028489
0.0034263167 0.0045641065 0.021986159
0.003421559 0.0045570135 0.021944057
0.0034168146 0.0045499206 0.021902174
0.003412096 0.004542947 0.021860508
0.003407397 0.004535854 0.021819074
0.003402719 0.0045289993 0.021777835
0.0033980655 0.0045220256 0.021736821
0.0033934272 0.004515171 0.021696001
0.003388817 0.0045083165 0.021655424
0.0033842223 0.004501462 0.021615036
0.0033796513 0.0044947863 0.021574857
0.0033750995 0.004488051 0.021534862
0.0033705665 0.0044813156 0.021495089
0.0033660543 0.0044746995 0.021455534
0.003361562 0.0044680834 0.02141618
0.003357092 0.0044614673 0.021377016
0.0033526404 0.004454851 0.021338057
0.0033482062 0.0044483542 0.021299277
0.0033437936 0.004441738 0.021260714
0.0033393994 0.004435241 0.021222329
0.003335022 0.004428804 0.021184133
0.0033306675 0.004422426 0.021146135
0.0033263287 0.0044159293 0.021108327
0.0033220095 0.004409671 0.021070693
0.0033177084 0.004403293 0.021033237
0.0033134257 0.0043970346 0.020995975
0.0033091593 0.004390776 0.020958882
0.0033049171 0.0043845177 0.020921968
0.0033006868 0.004378259 0.020885225
0.0032964777 0.00437212 0.020848677
0.0032922847 0.0043659806 0.020812286
0.0032881112 0.0043598413 0.02077609
0.0032839505 0.004353702 0.020740047
0.0032798124 0.0043476224 0.020704187
0.003275689 0.0043416023 0.020668503
0.0032715828 0.0043355823 0.02063299
0.003267496 0.004329562 0.020597663
0.0032634235 0.0043236613 0.020562466
0.0032593699 0.0043176413 0.020527452
0.0032553324 0.0043117404 0.020492602
0.0032513107 0.0043059587 0.020457912
0.0032473044 0.0042999983 0.020423383
0.003243314 0.0042942166 0.020389035
0.0032393425 0.004288435 0.020354839
0.0032353867 0.0042826533 0.020320803
0.0032314446 0.0042768717 0.020286907
0.0032275182 0.0042712092 0.020253178
0.0032236117 0.004265368 0.02021959
0.0032197179 0.0042597055 0.020186182
0.0032158392 0.0042541623 0.02015292
0.0032119758 0.0042485 0.020119809
0.003208128 0.0042428374 0.020086832
0.0032042968 0.0042372346 0.020054005
0.003200478 0.0042316914 0.020021336
0.0031966784 0.0042262673 0.019988803
0.0031928914 0.004220724 0.019956417
0.0031891176 0.004215181 0.019924188
0.003185359 0.0042096972 0.01989209
0.0031816172 0.004204273 0.019860134
0.003177887 0.004198849 0.019828321
0.0031741748 0.0041935444 0.019796656
0.0031704744 0.00418818 0.019765126
0.003166789 0.004182756 0.019733738
0.0031631198 0.004177451 0.019702489
0.0031594636 0.0041721463 0.019671382
0.003155821 0.004166901 0.019640405
0.0031521898 0.0041615963 0.019609556
0.0031485765 0.0041564107 0.019578842
0.0031449702 0.004151225 0.019548267
0.003141383 0.00414598 0.01951782
0.0031378071 0.0041407943 0.019487511
0.0031342441 0.004135728 0.019457338
0.0031306976 0.0041305423 0.019427294
0.0031271607 0.0041254163 0.019397363
0.0031236412 0.00412035 0.019367574
0.0031201316 0.0041152835 0.019337906
0.0031166335 0.0041102767 0.019308366
0.0031131522 0.0041052103 0.019278953
0.0031096796 0.004100263 0.019249655
0.003106227 0.0040952563 0.019220492
0.0031027838 0.004090309 0.019191444
0.0030993538 0.004085362 0.019162515
0.003095936 0.004080415 0.019133698
0.003092525 0.004075527 0.019105012
0.0030891325 0.00407058 0.01907642
0.0030857495 0.004065752 0.019047987
0.0030823776 0.0040608644 0.019019637
0.0030790223 0.0040560365 0.01899142
0.003075677 0.0040513277 0.01896331
0.0030723435 0.00404644 0.018935338
0.0030690243 0.0040417314 0.01890746
0.0030657127 0.004036963 0.018879674
0.0030624166 0.004032254 0.01885204
0.003059131 0.0040275455 0.018824514
0.003055855 0.004022777 0.018797109
0.003052594 0.0040180683 0.01876979
0.0030493422 0.0040134788 0.01874259
0.0030460998 0.0040088296 0.018715488
0.003042871 0.00400424 0.018688504
0.003039657 0.0039996505 0.018661642
0.0030364492 0.0039950013 0.018634878
0.0030332534 0.0039904118 0.018608216
0.0030300727 0.003985882 0.018581659
0.0030269008 0.0039812922 0.01855522
0.0030237369 0.003976822 0.018528879
0.003020586 0.003972292 0.018502636
0.0030174488 0.0039678216 0.018476494
0.0030143203 0.0039632916 0.018450461
0.0030112022 0.0039588213 0.018424533
0.0030080944 0.00395447 0.018398698
0.003004997 0.00394994 0.018372966
0.0030019144 0.003945589 0.018347329
0.0029988333 0.0039411783 0.018321818
0.0029957686 0.003936827 0.018296381
0.0029927136 0.003932476 0.018271042
0.0029896705 0.0039281845 0.01824582
0.002986633 0.0039238334 0.018220682
0.0029836062 0.003919542 0.018195637
0.0029805934 0.0039151907 0.018170679
0.0029775908 0.003910899 0.018145816
0.002974597 0.003906667 0.018121047
0.0029716145 0.0039024353 0.018096358
0.002968638 0.0038981438 0.018071802
0.002965674 0.003894031 0.018047296
0.0029627176 0.0038897395 0.018022912
0.0029597736 0.0038856268 0.017998599
0.0029568372 0.0038814545 0.01797438
0.002953913 0.0038773417 0.017950265
0.0029509992 0.0038731694 0.017926233
0.002948092 0.0038690567 0.01790229
0.0029451963 0.0038648844 0.017878437
0.0029423062 0.0038607717 0.017854666
0.002939429 0.0038567185 0.017830975
0.0029365583 0.0038526058 0.017807374
0.0029336961 0.0038486123 0.017783873
0.0029308451 0.0038445592 0.017760456
0.0029280025 0.0038405657 0.017737139
0.002925171 0.0038365126 0.017713884
0.0029223491 0.003832519 0.017690724
0.0029195356 0.003828466 0.017667646
0.0029167302 0.0038245916 0.017644636
0.0029139358 0.0038205385 0.01762174
0.0029111456 0.0038166642 0.017598923
0.0029083702 0.0038127303 0.017576175
0.0029056005 0.003808856 0.017553497
0.0029028389 0.003804922 0.017530914
0.002900084 0.0038010478 0.0175084
0.002897343 0.003797114 0.017485997
0.0028946055 0.0037932396 0.017463664
0.0028918802 0.003789425 0.01744139
0.002889158 0.0037855506 0.017419217
0.0028864504 0.003781736 0.017397113
0.0028837493 0.0037779808 0.017375112
0.0028810576 0.003774166 0.017353151
0.0028783684 0.003770411 0.017331276
0.002875693 0.0037665963 0.017309492
0.002873028 0.0037628412 0.017287778
0.0028703683 0.0037590265 0.017266162
0.0028677147 0.0037553906 0.017244596
0.002865072 0.003751576 0.017223105
0.0028624376 0.0037478805 0.01720169
0.0028598092 0.0037442446 0.017180348
0.0028571875 0.003740549 0.017159073
0.002854579 0.003736794 0.01713788
0.002851974 0.0037332177 0.01711676
0.0028493796 0.0037295818 0.01709569
0.0028467905 0.0037258863 0.01707472
0.0028442105 0.0037222505 0.017053813
0.0028416354 0.0037186742 0.01703297
0.0028390707 0.0037150383 0.017012194
0.002836511 0.003711462 0.016991505
0.002833963 0.0037078857 0.016970865
0.0028314202 0.0037042499 0.016950315
0.0028288874 0.0037006736 0.016929835
0.0028263612 0.003697157 0.016909404
0.0028238413 0.0036935806 0.016889036
0.0028213286 0.0036901832 0.016868765
0.0028188238 0.003686607 0.01684854
0.0028163253 0.0036830902 0.016828394
0.0028138354 0.0036796331 0.01680831
0.0028113532 0.003676176 0.0167883
0.0028088787 0.0036726594 0.016768344
0.0028064102 0.0036692023 0.01674848
0.0028039452 0.0036658049 0.016728656
0.0028014942 0.0036623478 0.016708903
0.0027990444 0.0036589503 0.016689217
0.0027966031 0.0036554933 0.016669612
0.0027941708 0.0036520362 0.016650058
0.002791743 0.003648758 0.016630568
0.0027893241 0.0036453009 0.016611153
0.002786911 0.0036420226 0.016591793
0.002784508 0.0036385655 0.016572485
0.0027821087 0.0036352277 0.016553255
0.0027797166 0.0036319494 0.016534077
0.0027773331 0.0036286116 0.016514983
0.0027749543 0.0036253333 0.016495917
0.0027725855 0.0036219954 0.016476937
0.00277022 0.0036187172 0.016458007
0.0027678641 0.0036153793 0.016439145
0.0027655107 0.0036120415 0.016420336
0.0027631668 0.0036087632 0.016401578
0.0027608264 0.0036055446 0.01638288
0.0027584957 0.0036022663 0.016364258
0.0027561686 0.0035990477 0.016345678
0.0027538522 0.003595829 0.016327165
0.002751538 0.00359267 0.01630872
0.0027492323 0.003589332 0.016290316
0.0027469336 0.0035861135 0.01627198
0.0027446407 0.0035829544 0.01625371
0.0027423524 0.003579855 0.016235482
0.0027400726 0.003576696 0.016217327
0.002737801 0.0035734773 0.016199231
0.002735533 0.0035702586 0.016181178
0.0027332727 0.0035672188 0.016163189
0.0027310161 0.0035640001 0.01614526
0.002728769 0.0035609603 0.016127385
0.002726525 0.0035577416 0.016109569
0.0027242883 0.0035546422 0.016091786
0.0027220596 0.0035516024 0.016074078
0.0027198351 0.003548503 0.016056433
0.0027176142 0.0035454035 0.01603883
0.0027154 0.0035423636 0.016021267
0.0027131927 0.0035392642 0.016003754
0.0027109936 0.0035361648 0.015986312
0.0027087978 0.0035332441 0.015968904
0.0027066062 0.0035301447 0.01595156
0.0027044243 0.0035271049 0.015934287
0.002702245 0.0035241246 0.015917046
0.002700073 0.0035210252 0.015899854
0.0026979079 0.0035181046 0.015882717
0.002695748 0.0035151243 0.01586563
0.0026935914 0.003512144 0.015848603
0.0026914428 0.0035091043 0.01583161
0.0026892973 0.003506124 0.015814666
0.0026871625 0.0035031438 0.01579779
0.0026850316 0.0035002232 0.015780954
0.0026829077 0.003497243 0.015764173
0.0026807855 0.003494382 0.01574744
0.0026786712 0.0034914613 0.015730767
0.0026765626 0.003488481 0.015714126
0.002674458 0.00348562 0.015697548
0.002672359 0.0034826994 0.015681015
0.002670268 0.0034798384 0.015664523
0.0026681812 0.0034768581 0.015648084
0.0026660985 0.0034740567 0.0156317
0.0026640238 0.0034711957 0.015615361
0.0026619507 0.0034683347 0.015599081
0.002659884 0.0034655333 0.015582836
0.002657823 0.003462553 0.015566635
0.0026557662 0.003459692 0.015550486
0.002653712 0.0034570098 0.015534384
0.002651667 0.0034541488 0.015518335
0.0026496248 0.0034512877 0.01550233
0.002647588 0.0034484863 0.015486357
0.0026455577 0.0034457445 0.015470443
0.002643533 0.0034428835 0.015454568
0.0026415135 0.0034402013 0.015438751
0.0026394979 0.0034373403 0.015422974
0.0026374913 0.0034345984 0.015407247
0.0026354864 0.003431797 0.015391558
0.0026334894 0.0034290552 0.015375936
0.0026314964 0.0034263134 0.015360342
0.0026295085 0.0034236312 0.015344766
0.0026275245 0.0034208894 0.015329256
0.0026255422 0.0034181476 0.015313788
0.002623571 0.0034154654 0.015298358
0.002621603 0.0034127235 0.015282992
0.0026196411 0.0034099817 0.015267651
0.0026176786 0.0034072995 0.015252352
0.0026157247 0.0034045577 0.015237105
0.0026137722 0.003401935 0.015221901
0.0026118276 0.0033991933 0.015206735
0.002609888 0.0033966303 0.015191602
0.0026079512 0.0033938885 0.015176515
0.0026060182 0.0033912659 0.01516147
0.0026040943 0.0033885837 0.015146469
0.0026021702 0.003385961 0.01513151
0.0026002552 0.0033833385 0.015116601
0.002598344 0.0033807755 0.015101715
0.0025964342 0.0033781528 0.015086885
0.002594532 0.0033755302 0.01507209
0.0025926335 0.0033729076 0.0150573235
0.0025907366 0.0033703446 0.015042623
0.0025888486 0.003367722 0.015027948
0.002586964 0.0033650994 0.015013323
0.0025850835 0.0033625364 0.014998727
0.0025832092 0.0033599138 0.014984173
0.0025813375 0.0033574104 0.014969654
0.0025794732 0.0033548474 0.01495519
0.0025776129 0.003352344 0.0149407545
0.0025757537 0.0033497214 0.014926361
0.002573901 0.003347218 0.014912001
0.002572052 0.003344655 0.014897704
0.002570208 0.0033421516 0.014883415
0.00256837 0.0033396482 0.014869173
0.0025665334 0.0033372045 0.014854979
0.0025647043 0.0033345819 0.014840813
0.0025628763 0.0033320785 0.014826688
0.002561051 0.003329575 0.0148126185
0.0025592344 0.0033271313 0.014798555
0.0025574213 0.0033246279 0.014784561
0.0025556122 0.0033221245 0.014770572
0.0025538064 0.003319621 0.014756645
0.0025520048 0.0033172965 0.01474273
0.0025502064 0.003314793 0.014728884
0.0025484131 0.0033122897 0.01471505
0.002546626 0.0033099651 0.014701257
0.0025448387 0.0033074617 0.014687498
0.002543059 0.0033049583 0.014673772
0.0025412827 0.0033025742 0.014660079
0.0025395101 0.0033001304 0.014646442
0.0025377425 0.0032977462 0.014632836
0.002535976 0.003295362 0.014619261
0.0025342167 0.0032928586 0.014605722
0.00253246 0.003290534 0.014592216
0.0025307091 0.0032881498 0.014578742
0.002528961 0.0032857656 0.014565309
0.002527216 0.003283441 0.014551912
0.0025254774 0.0032810569 0.014538544
0.0025237412 0.0032786727 0.014525214
0.0025220094 0.0032762885 0.01451189
0.0025202816 0.003273964 0.014498639
0.0025185572 0.0032715797 0.0144854
0.0025168364 0.0032691956 0.014472201
0.002515119 0.0032669306 0.014459033
0.0025134066 0.003264606 0.014445911
0.002511701 0.0032622218 0.014432807
0.0025099958 0.0032599568 0.014419743
0.002508294 0.0032575727 0.014406717
0.0025065967 0.0032553673 0.014393716
0.0025049045 0.003252983 0.014380754
0.0025032156 0.0032507181 0.014367831
0.0025015303 0.003248334 0.014354932
0.002499847 0.0032461286 0.014342065
0.0024981687 0.0032438636 0.014329236
0.0024964928 0.0032415986 0.014316426
0.0024948237 0.0032392144 0.014303646
0.0024931547 0.003237009 0.014290912
0.0024914914 0.003234744 0.014278209
0.0024898318 0.003232479 0.01426553
0.0024881754 0.0032302141 0.014252902
0.0024865214 0.0032280087 0.014240281
0.0024848732 0.0032257438 0.014227715
0.0024832252 0.0032234788 0.014215161
0.002481585 0.0032212138 0.014202644
0.0024799483 0.0032191277 0.014190159
0.0024783127 0.0032168627 0.014177711
0.0024766817 0.0032145977 0.014165279
0.0024750554 0.003212452 0.01415288
0.0024734312 0.0032102466 0.014140523
0.0024718095 0.0032081008 0.01412819
0.0024701932 0.0032058358 0.014115909
0.0024685771 0.00320369 0.0141036175
0.0024669666 0.003201425 0.014091383
0.002465362 0.003199339 0.014079172
0.002463757 0.003197074 0.014067
0.002462159 0.0031949282 0.01405485
0.0024605633 0.0031927824 0.01404271
0.0024589708 0.0031906962 0.014030626
0.0024573805 0.0031884313 0.014018561
0.002455795 0.0031862855 0.014006524
0.0024542103 0.0031841397 0.013994517
0.00245263 0.0031820536 0.013982534
0.0024510545 0.0031799078 0.013970581
0.0024494822 0.003177762 0.01395867
0.0024479157 0.0031756163 0.013946776
0.002446349 0.0031734705 0.013934919
0.0024447865 0.0031715035 0.01392309
0.002443224 0.0031693578 0.013911279
0.0024416707 0.003167212 0.013899503
0.0024401185 0.0031650662 0.013887763
0.0024385683 0.00316298 0.0138760265
0.0024370248 0.0031609535 0.013864333
0.0024354812 0.0031588078 0.0138526745
0.0024339384 0.0031567812 0.013841026
0.0024324039 0.003154695 0.013829412
0.0024308702 0.0031526685 0.013817835
0.0024293407 0.0031505227 0.013806274
0.0024278136 0.0031484962 0.013794741
0.002426293 0.0031463504 0.013783239
0.0024247712 0.0031443834 0.0137717575
0.0024232538 0.0031423569 0.0137603115
0.002421742 0.003140211 0.013748901
0.0024202287 0.0031381845 0.013737507
0.002418721 0.003136158 0.013726135
0.0024172154 0.003134191 0.013714797
0.0024157143 0.0031321645 0.013703493
0.002414214 0.003130138 0.013692195
0.0024127215 0.0031281114 0.01368093
0.0024112286 0.0031261444 0.0136697
0.0024097392 0.0031241179 0.013658474
0.0024082542 0.0031220913 0.013647308
0.0024067722 0.0031200647 0.013636136
0.0024052877 0.0031180382 0.013624993
0.002403811 0.0031160712 0.013613885
0.0024023375 0.0031140447 0.013602813
0.0024008662 0.003112018 0.013591762
0.002399399 0.0031101108 0.0135807255
0.002397934 0.0031080842 0.013569729
0.002396472 0.0031061172 0.013558756
0.00239501 0.00310421 0.013547798
0.0023935533 0.0031021833 0.013536872
0.0023920997 0.003100276 0.013525969
0.0023906468 0.0030982494 0.013515088
0.0023891996 0.0030964017 0.013504227
0.002387751 0.0030943751 0.0134933945
0.0023863101 0.0030924678 0.013482596
0.002384871 0.0030905604 0.013471798
0.002383433 0.0030885339 0.013461036
0.0023820004 0.0030866861 0.013450307
0.0023805685 0.0030847788 0.0134395985
0.00237914 0.0030828714 0.01342893
0.0023777154 0.0030808449 0.013418253
0.0023762952 0.0030789375 0.013407614
0.0023748758 0.0030770898 0.013396996
0.0023734607 0.0030751824 0.013386399
0.0023720474 0.003073275 0.013375822
0.0023706362 0.0030713677 0.013365274
0.0023692292 0.0030694604 0.013354739
0.002367822 0.0030676126 0.013344232
0.0023664213 0.0030657053 0.013333753
0.00236502 0.003063798 0.013323292
0.0023636243 0.0030620098 0.013312879
0.0023622282 0.0030601025 0.013302472
0.0023608373 0.0030582547 0.013292081
0.0023594496 0.0030563474 0.013281722
0.002358065 0.0030545592 0.013271383
0.0023566822 0.0030526519 0.013261054
0.0023553027 0.0030507445 0.013250774
0.002353926 0.003049016 0.013240516
0.0023525467 0.0030471087 0.013230252
0.002351173 0.0030453205 0.013220029
0.0023498044 0.0030434132 0.013209812
0.0023484353 0.003041625 0.013199635
0.0023470705 0.0030397773 0.01318947
0.0023457098 0.0030379891 0.0131793395
0.002344349 0.0030360818 0.013169211
0.0023429897 0.0030342937 0.013159114
0.0023416346 0.0030325055 0.013149048
0.002340284 0.0030307174 0.013138986
0.002338936 0.0030288696 0.013128974
0.0023375866 0.0030270815 0.013118963
0.0023362404 0.0030252934 0.013108958
0.0023348993 0.0030235052 0.013099012
0.002333558 0.003021717 0.013089054
0.0023322217 0.0030199885 0.013079141
0.0023308862 0.0030180812 0.013069235
0.0023295537 0.003016293 0.013059342
0.002328223 0.003014505 0.013049489
0.0023268978 0.0030127168 0.013039647
0.0023255732 0.0030109286 0.013029832
0.0023242503 0.0030092 0.013020042
0.0023229325 0.0030075312 0.013010261
0.0023216158 0.003005743 0.013000503
0.0023203017 0.003003955 0.012990766
0.0023189886 0.0030021667 0.012981062
0.0023176784 0.0030004382 0.012971363
0.0023163732 0.00299865 0.012961685
0.002315068 0.0029969811 0.012952031
0.0023137673 0.002995193 0.0129423905
0.002312468 0.0029934049 0.012932776
0.00231117 0.002991736 0.012923192
0.0023098763 0.0029900074 0.01291361
0.0023085854 0.0029883385 0.012904052
0.0023072953 0.0029865503 0.012894519
0.0023060092 0.0029848814 0.012885
0.0023047249 0.0029830933 0.0128755
0.0023034415 0.0029814243 0.01286603
0.0023021619 0.0029796958 0.012856574
0.0023008839 0.0029780269 0.012847143
0.0022996068 0.0029762387 0.012837743
0.002298336 0.0029745698 0.012828344
0.0022970648 0.0029729009 0.012818975
0.0022957975 0.0029711127 0.012809614
0.0022945297 0.0029695034 0.012800288
0.0022932682 0.0029678345 0.012790965
0.002292005 0.0029661655 0.012781665
0.0022907471 0.0029643774 0.012772391
0.0022894898 0.0029627085 0.012763123
0.0022882377 0.0029610395 0.012753885
0.002286983 0.0029594302 0.012744666
0.002285733 0.0029577613 0.012735454
0.002284484 0.0029560924 0.012726278
0.0022832365 0.0029544234 0.012717109
0.0022819932 0.0029527545 0.01270797
0.0022807505 0.0029510856 0.012698832
0.0022795117 0.0029494762 0.012689737
0.0022782723 0.0029478073 0.012680641
0.0022770392 0.0029461384 0.012671552
0.0022758057 0.0029444695 0.012662511
0.0022745738 0.0029428005 0.012653464
0.002273347 0.0029411316 0.012644455
0.0022721197 0.0029396415 0.012635451
0.0022708965 0.0029379725 0.0126264775
0.0022696739 0.0029363036 0.012617503
0.002268455 0.0029346347 0.012608561
0.0022672368 0.002933085 0.012599635
0.0022660205 0.002931416 0.012590722
0.002264809 0.002929926 0.012581839
0.0022635981 0.002928257 0.012572961
0.0022623893 0.002926588 0.012564097
0.0022611818 0.0029250383 0.012555262
0.0022599783 0.0029233694 0.012546444
0.0022587767 0.0029218197 0.012537645
0.0022575755 0.0029203296 0.012528864
0.0022563771 0.0029186606 0.012520095
0.0022551795 0.002917111 0.012511337
0.0022539867 0.002915442 0.012502604
0.0022527946 0.0029138923 0.0124938935
0.0022516062 0.0029123425 0.012485195
0.0022504174 0.0029106736 0.012476515
0.0022492325 0.0029091835 0.012467858
0.0022480492 0.0029076338 0.012459202
0.0022468676 0.0029059649 0.012450562
0.0022456879 0.0029044151 0.012441953
0.0022445119 0.0029028654 0.012433348
0.0022433377 0.0029013157 0.012424768
0.0022421638 0.0028998256 0.0124162
0.0022409928 0.0028982759 0.01240766
0.0022398236 0.0028967261 0.012399131
0.002238656 0.0028951764 0.01239061
0.00223749 0.0028936267 0.012382111
0.0022363255 0.002892077 0.012373636
0.0022351663 0.0028905272 0.012365171
0.0022340084 0.0028890371 0.01235673
0.0022328491 0.0028874874 0.012348295
0.0022316936 0.0028859377 0.012339871
0.0022305408 0.002884388 0.012331488
0.0022293897 0.0028828382 0.012323094
0.0022282382 0.0028812885 0.012314739
0.0022270912 0.0028797388 0.012306373
0.002225944 0.0028782487 0.012298041
0.0022248006 0.0028768182 0.012289721
0.0022236588 0.0028752685 0.012281411
0.0022225184 0.0028737187 0.012273137
0.002221381 0.002872169 0.012264856
0.0022202432 0.0028707385 0.0122565925
0.002219112 0.0028691888 0.012248363
0.0022179773 0.0028676987 0.012240133
0.0022168495 0.0028662682 0.012231922
0.002215719 0.0028647184 0.012223725
0.0022145957 0.002863288 0.012215542
0.0022134706 0.0028617382 0.012207374
0.0022123463 0.0028603077 0.012199229
0.0022112275 0.002858758 0.012191095
0.0022101074 0.002857387 0.012182979
0.002208991 0.0028558373 0.012174867
0.002207877 0.0028544068 0.012166789
0.002206763 0.002852857 0.012158734
0.0022056524 0.0028514266 0.012150661
0.0022045423 0.0028498769 0.012142616
0.002203436 0.0028484464 0.012134588
0.002202328 0.0028470755 0.0121265715
0.002201224 0.0028455257 0.012118583
0.0022001236 0.0028440952 0.012110605
0.0021990228 0.0028426647 0.012102632
0.0021979243 0.002841115 0.012094688
0.0021968277 0.0028396845 0.012086747
0.0021957324 0.002838254 0.012078836
0.002194638 0.002836883 0.012070923
0.002193548 0.0028354526 0.012063028
0.0021924577 0.0028339028 0.012055154
0.00219137 0.0028324723 0.01204728
0.0021902858 0.0028310418 0.012039427
0.0021892013 0.0028296113 0.0120315915
0.0021881193 0.0028281808 0.012023779
0.002187041 0.0028268099 0.012015963
0.0021859643 0.0028253794 0.012008177
0.002184887 0.0028239489 0.012000395
0.0021838124 0.0028225183 0.011992629
0.0021827393 0.0028210878 0.0119848745
0.0021816667 0.0028196573 0.011977136
0.0021805956 0.0028182268 0.011969425
0.0021795274 0.002816856 0.011961706
0.0021784615 0.0028154254 0.011954006
0.0021773963 0.002814114 0.011946332
0.0021763316 0.0028126836 0.011938663
0.0021752715 0.002811253 0.011931021
0.0021742098 0.0028098226 0.011923378
0.002173154 0.002808392 0.0119157685
0.0021720973 0.0028070807 0.011908158
0.0021710445 0.0028057098 0.011900564
0.00216999 0.0028042793 0.01189298
0.0021689413 0.0028028488 0.011885412
0.00216789 0.0028015375 0.011877849
0.0021668444 0.002800107 0.011870318
0.002165796 0.0027986765 0.011862792
0.0021647534 0.0027973652 0.011855271
0.0021637091 0.0027959347 0.011847766
0.0021626665 0.0027945638 0.011840282
0.0021616276 0.0027932525 0.011832803
0.002160589 0.002791822 0.011825333
0.0021595499 0.0027905107 0.0118178865
0.0021585175 0.0027890801 0.011810442
0.0021574844 0.0027877688 0.011803011
0.002156452 0.0027863383 0.011795593
0.0021554222 0.0027850866 0.011788187
0.0021543957 0.0027836561 0.011780812
0.002153368 0.0027823448 0.011773448
0.0021523435 0.0027810335 0.011766071
0.0021513207 0.002779603 0.011758734
0.0021502962 0.0027782917 0.011751394
0.0021492785 0.0027769804 0.01174408
0.0021482592 0.00277555 0.011736772
0.0021472403 0.0027742982 0.011729479
0.0021462261 0.002772987 0.011722201
0.0021452103 0.0027716756 0.011714934
0.002144198 0.002770245 0.011707676
0.002143186 0.0027689338 0.01170044
0.0021421777 0.0027676225 0.011693202
0.0021411688 0.0027663112 0.011685992
0.0021401625 0.0027649999 0.011678791
0.0021391576 0.002763629 0.011671605
0.0021381534 0.0027623177 0.011664423
0.0021371534 0.0027610064 0.011657251
0.002136155 0.002759695 0.011650089
0.002135154 0.0027583838 0.011642954
0.0021341608 0.0027570724 0.011635806
0.0021331648 0.0027557611 0.011628701
0.0021321734 0.0027544498 0.0116216
0.0021311815 0.0027531385 0.01161451
0.002130195 0.0027518868 0.011607435
0.0021292039 0.0027505755 0.011600369
0.0021282195 0.0027492642 0.011593296
0.0021272344 0.002747953 0.01158625
0.0021262497 0.0027466416 0.0115792295
0.0021252665 0.0027453303 0.011572207
0.002124287 0.002744019 0.01156519
0.0021233086 0.0027427077 0.011558204
0.0021223277 0.0027415752 0.011551212
0.0021213535 0.002740264 0.01154424
0.0021203777 0.0027389526 0.011537282
0.0021194043 0.0027376413 0.011530323
0.0021184324 0.00273633 0.01152339
0.0021174608 0.002735138 0.011516468
0.0021164918 0.0027338266 0.011509559
0.0021155262 0.0027325153 0.011502655
0.0021145581 0.0027313232 0.011495766
0.0021135933 0.0027300715 0.011488882
0.0021126312 0.0027287602 0.011482033
0.0021116685 0.0027275681 0.011475172
0.002110706 0.0027262568 0.011468332
0.002109748 0.0027249455 0.011461501
0.0021087895 0.0027237535 0.011454668
0.0021078326 0.0027224422 0.011447867
0.0021068768 0.00272125 0.011441071
0.0021059236 0.0027199984 0.011434293
0.0021049688 0.0027188063 0.011427514
0.0021040197 0.002717495 0.011420766
0.0021030707 0.0027163029 0.011414002
0.0021021222 0.0027149916 0.011407262
0.0021011732 0.0027137995 0.0114005525
0.0021002276 0.0027124882 0.011393826
0.0020992835 0.002711296 0.011387125
0.0020983426 0.0027099848 0.011380416
0.0020974004 0.0027088523 0.011373744
0.0020964623 0.0027076602 0.011367071
0.0020955259 0.002706349 0.011360418
0.0020945878 0.0027051568 0.011353757
0.002093652 0.0027038455 0.0113471225
0.002092718 0.0027026534 0.011340486
0.002091785 0.0027014613 0.011333874
0.0020908534 0.0027002692 0.011327268
0.0020899235 0.002698958 0.011320664
0.0020889938 0.0026978254 0.011314079
0.0020880657 0.0026966333 0.011307499
0.002087138 0.0026954412 0.011300938
0.0020862133 0.00269413 0.011294387
0.0020852904 0.0026929379 0.011287846
0.0020843677 0.0026917458 0.011281323
0.0020834478 0.0026905537 0.011274799
0.0020825267 0.0026893616 0.011268299
0.0020816103 0.0026881695 0.011261798
0.0020806913 0.0026869178 0.011255302
0.0020797777 0.0026857257 0.011248823
0.0020788636 0.0026845336 0.011242339
0.0020779506 0.0026833415 0.0112358965
0.0020770382 0.0026821494 0.011229435
0.002076127 0.0026809573 0.011223003
0.0020752193 0.0026797652 0.011216582
0.0020743122 0.0026785731 0.011210174
0.0020734072 0.002677381 0.0112037705
0.0020725036 0.0026762486 0.011197385
0.0020716004 0.0026750565 0.011190999
0.0020706977 0.0026738644 0.011184621
0.0020697983 0.0026726723 0.011178253
0.0020688993 0.0026715994 0.011171914
0.0020680015 0.0026704073 0.011165572
0.0020671042 0.0026692152 0.011159231
0.0020662094 0.002668023 0.011152923
0.002065315 0.002666831 0.011146615
0.0020644206 0.002665639 0.011140299
0.0020635289 0.0026645064 0.0111340135
0.0020626413 0.0026634336 0.01112773
0.0020617493 0.0026622415 0.011121472
0.0020608618 0.0026610494 0.011115213
0.0020599735 0.0026598573 0.011108962
0.0020590876 0.0026586652 0.011102719
0.0020582047 0.0026575923 0.011096486
0.0020573216 0.0026564002 0.011090255
0.0020564399 0.002655208 0.0110840555
0.0020555584 0.0026541352 0.011077853
0.002054681 0.0026530027 0.011071664
0.002053803 0.0026518106 0.011065494
0.0020529267 0.0026507378 0.011059319
0.0020520536 0.0026495457 0.011053161
0.0020511798 0.0026483536 0.0110470075
0.0020503043 0.0026472807 0.011040866
0.0020494324 0.0026460886 0.01103473
0.0020485616 0.0026448965 0.011028612
0.0020476943 0.0026438236 0.011022507
0.0020468263 0.0026426911 0.011016401
0.0020459595 0.0026416183 0.011010299
0.0020450952 0.0026404262 0.011004231
0.0020442323 0.0026393533 0.010998155
0.0020433695 0.0026381612 0.010992084
0.0020425073 0.0026370883 0.010986036
0.0020416463 0.0026358962 0.010979991
0.0020407867 0.0026348233 0.010973966
0.0020399273 0.0026336312 0.010967934
0.0020390705 0.0026325583 0.010961909
0.0020382167 0.002631545 0.0109558925
0.0020373603 0.002630353 0.0109499
0.0020365072 0.00262928 0.010943902
0.0020356558 0.002628088 0.010937921
0.0020348055 0.002627015 0.010931958
0.0020339554 0.0026259422 0.010925995
0.0020331077 0.0026247501 0.010920035
0.0020322595 0.0026236773 0.010914094
0.0020314143 0.0026226044 0.010908171
0.0020305696 0.0026214123 0.010902241
0.0020297254 0.0026203394 0.010896323
0.002028881 0.002619326 0.010890415
0.0020280406 0.0026182532 0.010884509
0.0020271991 0.0026170611 0.010878628
0.0020263582 0.0026159883 0.010872744
0.0020255223 0.0026149154 0.010866869
0.002024683 0.0026138425 0.010861012
0.0020238457 0.0026127696 0.010855159
0.00202301 0.0026116967 0.010849314
0.0020221765 0.0026105046 0.010843471
0.0020213414 0.0026094317 0.010837653
0.0020205085 0.0026084185 0.010831826
0.0020196768 0.0026073456 0.010826023
0.0020188487 0.0026062727 0.010820215
0.0020180207 0.0026051998 0.010814418
0.0020171949 0.002604127 0.01080864
0.0020163707 0.002603054 0.010802866
0.0020155446 0.0026019812 0.0107971085
0.0020147227 0.0026009083 0.010791341
0.0020138994 0.0025998354 0.0107856
0.00201308 0.0025987625 0.010779858
0.0020122575 0.0025976896 0.010774134
0.0020114388 0.0025966763 0.010768407
0.0020106223 0.0025956035 0.0107627
0.0020098027 0.0025945306 0.01075698
0.002008987 0.0025934577 0.010751288
0.0020081718 0.0025923848 0.010745615
0.0020073566 0.002591312 0.010739928
0.0020065447 0.002590239 0.010734262
0.0020057342 0.0025891662 0.010728596
0.0020049212 0.0025880933 0.0107229445
0.0020041114 0.0025870204 0.010717307
0.0020033037 0.0025860071 0.010711676
0.0020024984 0.0025849342 0.010706043
0.0020016932 0.0025839806 0.010700429
0.0020008874 0.0025829077 0.010694812
0.002000085 0.0025818348 0.010689228
0.0019992818 0.002580762 0.010683632
0.0019984809 0.002579689 0.01067805
0.0019976804 0.0025787354 0.010672475
0.0019968818 0.0025776625 0.010666908
0.001996082 0.0025765896 0.010661349
0.001995284 0.0025755167 0.010655788
0.0019944885 0.0025746226 0.010650255
0.0019936925 0.0025735497 0.010644714
0.0019928976 0.0025724769 0.010639192
0.001992103 0.002571404 0.010633667
0.0019913116 0.0025704503 0.010628166
0.0019905185 0.0025693774 0.010622662
0.0019897295 0.0025683045 0.010617165
0.001988938 0.0025673509 0.010611677
0.0019881497 0.002566278 0.010606201
0.0019873637 0.002565205 0.010600729
0.001986577 0.0025642514 0.010595273
0.0019857904 0.0025631785 0.010589806
0.0019850035 0.0025622845 0.0105843665
0.0019842195 0.0025612116 0.010578925
0.001983436 0.002560258 0.010573486
0.0019826537 0.002559185 0.010568065
0.0019818735 0.0025581121 0.010562652
0.0019810947 0.0025571585 0.010557241
0.0019803152 0.0025560856 0.010551838
0.0019795378 0.002555132 0.010546442
0.00197876 0.002554059 0.010541051
0.0019779822 0.0025531054 0.010535685
0.0019772085 0.0025521517 0.0105303135
0.0019764323 0.0025511384 0.010524969
0.0019756593 0.0025501847 0.010519602
0.0019748877 0.0025491118 0.010514263
0.001974117 0.0025481582 0.010508926
0.0019733459 0.0025470853 0.010503597
0.0019725761 0.0025461316 0.010498281
0.0019718083 0.002545178 0.010492963
0.0019710418 0.002544105 0.010487656
0.0019702755 0.0025431514 0.010482368
0.0019695116 0.0025421977 0.010477072
0.0019687489 0.0025411248 0.010471788
0.0019679873 0.0025401711 0.010466508
0.001967225 0.002539277 0.010461255
0.0019664622 0.0025382042 0.010455994
0.0019657023 0.0025372505 0.010450741
0.0019649428 0.0025362968 0.010445501
0.0019641847 0.002535224 0.010440262
0.0019634278 0.0025342703 0.010435032
0.0019626708 0.0025333166 0.010429809
0.0019619165 0.002532363 0.010424598
0.001961163 0.00253129 0.0104193855
0.001960409 0.0025303364 0.01041419
0.0019596561 0.0025293827 0.010408992
0.0019589076 0.002528429 0.010403802
0.0019581555 0.0025274158 0.0103986235
0.0019574063 0.002526462 0.010393448
0.0019566575 0.0025255084 0.010388285
0.00195591 0.0025245547 0.010383129
0.0019551616 0.002523601 0.010377981
0.0019544174 0.0025226474 0.01037284
0.0019536726 0.0025216937 0.010367706
0.001952929 0.00252074 0.010362576
0.0019521855 0.0025197864 0.010357462
0.0019514414 0.0025187135 0.010352336
0.0019507015 0.0025177598 0.010347237
0.0019499608 0.0025168061 0.010342141
0.0019492222 0.002515912 0.010337046
0.0019484801 0.0025149584 0.010331941
0.001947744 0.0025140047 0.010326866
0.0019470082 0.002513051 0.010321799
0.0019462717 0.0025120974 0.010316739
0.0019455364 0.0025111437 0.010311676
0.0019448022 0.00251019 0.010306631
0.0019440711 0.0025092363 0.010301584
0.0019433376 0.0025082827 0.010296553
0.0019426091 0.002507329 0.010291526
0.0019418787 0.0025063753 0.0102865
0.0019411517 0.0025054216 0.010281486
0.0019404239 0.0025045276 0.010276475
0.001939699 0.002503693 0.010271477
0.0019389725 0.0025027394 0.010266474
0.0019382475 0.0025017858 0.010261491
0.0019375255 0.002500832 0.010256508
0.0019367998 0.0024998784 0.010251529
0.001936081 0.0024989247 0.010246561
0.0019353569 0.002497971 0.010241605
0.0019346378 0.0024970174 0.010236657
0.0019339195 0.002496183 0.010231716
0.0019331991 0.0024952292 0.010226772
0.0019324806 0.0024942756 0.01022184
0.0019317652 0.002493322 0.010216921
0.0019310501 0.0024924278 0.010212004
0.0019303343 0.0024915934 0.010207084
0.0019296216 0.0024906397 0.010202191
0.0019289064 0.002489686 0.010197295
0.001928195 0.0024887323 0.010192401
0.0019274841 0.0024878979 0.010187514
0.0019267732 0.0024869442 0.010182626
0.0019260636 0.0024859905 0.010177763
0.0019253552 0.0024850368 0.010172904
0.001924647 0.0024842024 0.0101680495
0.001923941 0.0024832487 0.010163199
0.0019232349 0.002482295 0.010158346
0.0019225304 0.0024814606 0.010153504
0.0019218267 0.0024805665 0.010148679
0.0019211237 0.0024796128 0.010143847
0.0019204216 0.0024787784 0.010139032
0.0019197207 0.0024778247 0.010134214
0.0019190192 0.002476871 0.010129417
0.0019183197 0.0024760365 0.010124609
0.0019176205 0.0024750829 0.010119826
0.0019169225 0.0024742484 0.010115036
0.0019162237 0.0024732947 0.010110244
0.0019155272 0.002472341 0.010105481
0.0019148325 0.0024715066 0.010100719
0.0019141383 0.002470553 0.0100959465
0.0019134443 0.0024697185 0.0100911865
0.0019127504 0.0024687648 0.010086449
0.0019120577 0.00246799 0.010081693
0.0019113645 0.0024670362 0.010076955
0.0019106771 0.0024662018 0.010072228
0.001909987 0.002465248 0.010067512
0.001909296 0.0024644136 0.010062785
0.0019086084 0.00246346 0.010058074
0.00190792 0.0024626255 0.010053379
0.0019072335 0.0024616718 0.010048683
0.0019065475 0.0024608374 0.010043988
0.0019058635 0.0024598837 0.010039304
0.001905177 0.0024590492 0.010034628
0.0019044953 0.0024580956 0.010029959
0.0019038119 0.002457261 0.010025281
0.0019031297 0.0024564862 0.010020616
0.0019024468 0.0024555326 0.010015968
0.0019017652 0.002454698 0.010011311
0.0019010875 0.0024537444 0.010006666
0.0019004063 0.00245291 0.010002029
0.001899729 0.0024520755 0.009997399
0.001899051 0.0024511218 0.00999277
0.0018983751 0.0024502873 0.009988148
0.0018977002 0.0024494529 0.009983547
0.0018970257 0.0024484992 0.009978939
0.0018963513 0.0024476647 0.009974328
0.0018956792 0.0024468303 0.009969733
0.0018950053 0.0024458766 0.009965145
0.0018943335 0.0024450421 0.009960559
0.001893663 0.0024442673 0.009955975
0.0018929923 0.0024434328 0.009951408
0.001892323 0.0024424791 0.009946838
0.0018916558 0.0024416447 0.009942279
0.001890987 0.0024408102 0.009937723
0.0018903213 0.0024399757 0.009933178
0.0018896548 0.002439022 0.009928639
0.0018889903 0.0024381876 0.0099241035
0.001888324 0.0024373531 0.00991956
0.0018876609 0.0024365187 0.009915046
0.0018869981 0.0024356842 0.0099105295
0.0018863345 0.0024347305 0.009906015
0.0018856738 0.002433896 0.009901517
0.0018850135 0.0024330616 0.009897017
0.0018843551 0.0024322867 0.009892519
0.0018836941 0.0024314523 0.009888017
0.0018830344 0.0024306178 0.009883536
0.0018823767 0.0024296641 0.009879072
0.0018817193 0.0024288297 0.009874605
0.0018810638 0.0024279952 0.009870134
0.0018804058 0.0024271607 0.009865671
0.0018797508 0.0024263263 0.009861219
0.0018790943 0.0024254918 0.0098567745
0.0018784407 0.0024246573 0.009852335
0.0018777873 0.0024238229 0.009847899
0.001877135 0.0024229884 0.009843464
0.001876482 0.002422154 0.00983904
0.001875831 0.0024213195 0.009834629
0.0018751803 0.002420485 0.009830204
0.0018745307 0.0024197102 0.00982581
0.0018738841 0.0024188757 0.009821413
0.0018732349 0.0024180412 0.009817017
0.0018725849 0.0024172068 0.009812624
0.0018719381 0.0024163723 0.009808238
0.0018712922 0.0024155378 0.009803862
0.0018706485 0.0024147034 0.0097994935
0.0018700056 0.002413869 0.009795131
0.0018693632 0.0024130344 0.009790761
0.0018687192 0.0024122 0.009786413
0.0018680771 0.0024113655 0.00978206
0.0018674353 0.002410531 0.00977772
0.0018667955 0.0024096966 0.009773376
0.0018661551 0.002408862 0.009769053
0.0018655155 0.0024080276 0.009764718
0.0018648782 0.0024072528 0.009760403
0.0018642411 0.0024064183 0.009756082
0.0018636032 0.0024055839 0.009751771
0.0018629673 0.0024047494 0.009747467
0.0018623327 0.0024040341 0.009743159
0.001861698 0.0024031997 0.009738873
0.0018610638 0.0024023652 0.009734569
0.0018604296 0.0024015307 0.009730286
0.0018597975 0.0024006963 0.009726
0.0018591665 0.0023998618 0.009721725
0.0018585348 0.0023990273 0.009717452
0.001857906 0.002398312 0.009713195
0.0018572765 0.0023974776 0.009708939
0.0018566464 0.0023966432 0.009704668
0.0018560181 0.0023958087 0.00970043
0.0018553892 0.002395153 0.009696194
0.0018547615 0.0023943186 0.009691959
0.001854135 0.002393484 0.009687722
0.0018535119 0.0023926497 0.009683505
0.0018528848 0.0023918152 0.009679267
0.0018522614 0.0023911 0.009675062
0.0018516365 0.0023902655 0.009670852
0.0018510143 0.002389431 0.009666646
0.0018503908 0.0023885965 0.009662443
0.001849769 0.0023878813 0.009658246
0.0018491475 0.0023870468 0.009654064
0.0018485262 0.0023862123 0.009649871
0.0018479079 0.002385378 0.009645693
0.001847288 0.0023846626 0.009641517
0.001846669 0.0023838282 0.009637343
0.0018460512 0.0023829937 0.0096331835
0.0018454336 0.002382338 0.009629022
0.0018448163 0.0023815036 0.009624867
0.0018442 0.0023806691 0.009620722
0.0018435857 0.0023799539 0.009616575
0.0018429706 0.0023791194 0.009612435
0.0018423569 0.0023784041 0.009608304
0.0018417422 0.0023775697 0.009604172
0.0018411303 0.0023767352 0.009600044
0.0018405188 0.00237602 0.009595933
0.0018399084 0.0023751855 0.00959182
0.0018392989 0.0023744702 0.009587712
0.0018386898 0.0023736358 0.00958361
0.00183808 0.0023728013 0.009579502
0.0018374721 0.002372086 0.009575417
0.0018368687 0.0023712516 0.009571326
0.0018362594 0.0023705363 0.00956724
0.0018356539 0.0023697615 0.009563179
0.0018350483 0.0023690462 0.009559101
0.0018344449 0.0023682117 0.009555034
0.0018338417 0.0023673773 0.009550978
0.0018332378 0.002366662 0.009546916
0.0018326341 0.0023658276 0.009542868
0.0018320333 0.0023651123 0.009538816
0.0018314308 0.0023642778 0.009534776
0.0018308295 0.0023635626 0.009530737
0.0018302291 0.0023627281 0.009526701
0.00182963 0.0023620129 0.009522684
0.0018290291 0.0023611784 0.009518663
0.0018284313 0.0023604631 0.009514645
0.0018278334 0.002359748 0.009510624
0.0018272359 0.0023589134 0.009506614
0.0018266384 0.0023581982 0.009502609
0.0018260429 0.0023574233 0.009498607
0.0018254486 0.002356708 0.009494615
0.0018248543 0.0023558736 0.00949063
0.0018242595 0.0023551583 0.0094866315
0.0018236657 0.002354443 0.009482649
0.0018230748 0.0023536086 0.009478668
0.0018224822 0.0023528934 0.009474707
0.0018218898 0.002352178 0.0094707385
0.0018213019 0.0023513436 0.009466772
0.0018207099 0.0023506284 0.009462816
0.0018201214 0.002349794 0.00945886
0.0018195334 0.0023490787 0.009454916
0.0018189428 0.0023483634 0.009450965
0.0018183577 0.0023476481 0.00944702
0.0018177711 0.0023468137 0.009443089
0.0018171844 0.0023460984 0.009439156
0.0018165992 0.0023453832 0.00943522
0.0018160138 0.0023446083 0.009431308
0.0018154313 0.002343893 0.009427402
0.0018148455 0.0023431778 0.009423479
0.0018142634 0.0023423433 0.009419577
0.0018136806 0.002341628 0.009415671
0.0018130988 0.0023409128 0.00941178
0.0018125165 0.0023401976 0.009407891
0.001811936 0.002339363 0.009403995
0.0018113538 0.0023386478 0.009400109
0.0018107747 0.0023379326 0.009396234
0.0018101938 0.0023372173 0.009392364
0.0018096167 0.0023363829 0.009388496
0.0018090362 0.0023356676 0.009384626
0.0018084586 0.0023349524 0.009380765
0.001807881 0.002334237 0.009376911
0.0018073046 0.0023335218 0.009373062
0.0018067291 0.0023326874 0.009369207
0.0018061505 0.0023320317 0.009365375
0.0018055771 0.0023313165 0.009361532
0.0018050022 0.0023306012 0.009357689
0.0018044268 0.002329886 0.0093538705
0.001803854 0.0023291707 0.009350046
0.0018032814 0.0023283362 0.009346235
0.0018027083 0.002327621 0.009342416
0.001802136 0.0023269057 0.009338608
0.0018015656 0.0023261905 0.009334793
0.0018009954 0.0023254752 0.009330993
0.0018004245 0.00232476 0.009327203
0.0017998564 0.0023240447 0.009323414
0.0017992886 0.0023232102 0.009319618
0.0017987209 0.002322495 0.009315842
0.001798156 0.0023217797 0.0093120625
0.0017975911 0.0023210645 0.00930828
0.0017970274 0.0023203492 0.009304517
0.0017964613 0.0023196936 0.009300751
0.001795898 0.0023189783 0.009296995
0.0017953354 0.002318263 0.009293237
0.0017947714 0.0023175478 0.009289479
0.0017942113 0.0023168325 0.009285732
0.0017936493 0.0023161173 0.00928199
0.0017930877 0.002315402 0.009278238
0.0017925288 0.0023146868 0.009274504
0.0017919682 0.0023139715 0.009270776
0.0017914114 0.0023132563 0.009267045
0.0017908522 0.002312541 0.009263321
0.0017902947 0.0023118258 0.009259607
0.0017897368 0.0023111105 0.009255889
0.0017891813 0.0023103952 0.009252181
0.0017886236 0.00230968 0.009248472
0.0017880695 0.0023089647 0.009244762
0.0017875129 0.0023082495 0.009241069
0.0017869582 0.0023075342 0.009237371
0.0017864055 0.0023068786 0.009233684
0.0017858504 0.0023061633 0.009229999
0.0017852979 0.002305448 0.009226328
0.0017847439 0.0023047328 0.00922265
0.0017841909 0.0023040175 0.009218965
0.0017836408 0.0023033023 0.0092153065
0.00178309 0.002302587 0.009211628
0.0017825381 0.0023018718 0.0092079695
0.0017819903 0.0023011565 0.009204316
0.0017814416 0.0023004413 0.009200659
0.001780892 0.0022998452 0.009197009
0.0017803445 0.00229913 0.009193368
0.0017797973 0.0022984147 0.00918972
0.0017792493 0.0022976995 0.009186091
0.0017787031 0.0022969842 0.009182455
0.0017781553 0.002296269 0.009178838
0.0017776111 0.0022955537 0.009175218
0.0017770665 0.0022949576 0.009171603
0.0017765225 0.0022942424 0.00916798
0.0017759764 0.0022935867 0.009164378
0.0017754346 0.0022928715 0.009160772
0.001774893 0.0022921562 0.009157171
0.0017743523 0.0022915602 0.009153568
0.0017738112 0.002290845 0.009149987
0.0017732717 0.0022901297 0.009146396
0.0017727324 0.0022894144 0.009142814
0.001772194 0.0022886992 0.009139225
0.001771656 0.002288103 0.009135641
0.0017711198 0.0022873878 0.009132072
0.0017705837 0.0022866726 0.009128509
0.0017700461 0.0022859573 0.009124948
0.001769512 0.0022853613 0.009121396
0.0017689755 0.002284646 0.0091178445
0.0017684419 0.0022839308 0.009114287
0.0017679048 0.0022832155 0.009110735
0.0017673713 0.0022826195 0.009107189
0.001766838 0.0022819042 0.00910364
0.0017663058 0.002281189 0.009100105
0.001765772 0.0022805333 0.009096566
0.0017652408 0.0022799373 0.009093034
0.0017647108 0.002279222 0.009089516
0.00176418 0.0022785068 0.009085999
0.0017636493 0.0022779107 0.009082483
0.0017631205 0.0022771955 0.009078969
0.0017625911 0.0022764802 0.009075466
0.0017620609 0.002275765 0.009071958
0.0017615325 0.002275169 0.009068453
0.0017610044 0.0022744536 0.009064947
0.001760478 0.0022738576 0.009061458
0.0017599494 0.0022731423 0.009057973
0.0017594243 0.002272427 0.009054476
0.0017588974 0.002271831 0.00905099
0.0017583743 0.0022711158 0.00904751
0.0017578496 0.0022704005 0.00904404
0.0017573268 0.0022698045 0.009040565
0.0017568023 0.0022690892 0.009037089
0.0017562781 0.002268374 0.009033622
0.0017557556 0.0022678375 0.00903017
0.0017552334 0.0022671223 0.009026701
0.0017547122 0.0022665262 0.009023247
0.001754191 0.002265811 0.009019798
0.0017536702 0.0022650957 0.00901635
0.0017531485 0.0022644997 0.009012909
0.0017526294 0.0022637844 0.009009472
0.0017521089 0.0022631884 0.009006028
0.0017515895 0.002262473 0.009002599
0.001751071 0.002261877 0.008999167
0.0017505517 0.0022611618 0.008995748
0.001750036 0.0022605658 0.008992331
0.001749517 0.0022598505 0.008988911
0.0017490009 0.0022591352 0.008985501
0.001748483 0.0022585392 0.008982096
0.001747968 0.002257824 0.008978688
0.0017474513 0.002257228 0.008975286
0.001746939 0.0022565126 0.008971893
0.0017464253 0.0022559166 0.008968507
0.0017459107 0.0022552013 0.008965112
0.0017453956 0.002254665 0.008961729
0.0017448814 0.0022539496 0.008958337
0.0017443697 0.0022533536 0.008954955
0.0017438591 0.0022526383 0.008951578
0.001743348 0.0022520423 0.008948204
0.0017428369 0.002251327 0.008944842
0.001742325 0.002250731 0.008941473
0.0017418168 0.0022500157 0.008938115
0.0017413078 0.0022494197 0.008934762
0.0017407988 0.0022488236 0.008931414
0.0017402894 0.0022481084 0.008928068
0.001739784 0.0022475123 0.008924718
0.0017392758 0.002246797 0.008921379
0.0017387699 0.002246201 0.00891804
0.0017382643 0.0022454858 0.008914703
0.0017377588 0.0022448897 0.008911375
0.0017372543 0.0022442937 0.008908058
0.0017367492 0.0022435784 0.008904732
0.0017362449 0.0022429824 0.008901416
0.0017357416 0.0022422671 0.008898103
0.0017352394 0.0022417307 0.00889479
0.0017347356 0.0022411346 0.008891482
0.0017342343 0.0022404194 0.008888179
0.0017337343 0.0022398233 0.008884874
0.0017332317 0.0022392273 0.008881578
0.0017327293 0.002238512 0.008878284
0.0017322295 0.002237916 0.008874987
0.0017317291 0.00223732 0.008871703
0.0017312296 0.0022366047 0.008868421
0.0017307287 0.0022360086 0.008865136
0.001730232 0.0022354126 0.008861859
0.0017297321 0.0022346973 0.008858594
0.0017292324 0.0022341013 0.008855324
0.0017287369 0.0022335052 0.008852065
0.0017282383 0.00223279 0.0088487975
0.0017277424 0.002232194 0.008845536
0.0017272474 0.002231598 0.008842284
0.0017267517 0.0022308826 0.008839034
0.0017262561 0.0022302866 0.008835788
0.0017257639 0.0022296906 0.00883254
0.0017252677 0.0022290945 0.008829293
0.0017247752 0.0022284389 0.008826059
0.0017242825 0.0022278428 0.008822815
0.0017237893 0.0022272468 0.008819584
0.0017232979 0.0022265315 0.008816349
0.0017228074 0.0022259355 0.00881312
0.0017223163 0.0022253394 0.008809901
0.0017218252 0.0022247434 0.008806679
0.0017213367 0.0022241473 0.008803466
0.001720847 0.002223432 0.008800259
0.0017203571 0.002222836 0.008797049
0.0017198676 0.00222224 0.008793844
0.0017193804 0.002221644 0.0087906355
0.0017188935 0.0022209287 0.008787449
0.0017184068 0.0022203326 0.008784243
0.0017179193 0.0022197366 0.008781043
0.0017174329 0.0022191405 0.008777852
0.0017169464 0.0022185445 0.008774653
0.001716461 0.0022179484 0.008771469
0.0017159765 0.0022172332 0.00876829
0.0017154921 0.0022166371 0.008765124
0.0017150074 0.002216041 0.008761946
0.0017145256 0.002215445 0.008758779
0.001714041 0.0022149086 0.008755612
0.0017135572 0.0022143126 0.0087524345
0.0017130752 0.0022135973 0.008749288
0.0017125941 0.0022130013 0.008746132
0.0017121115 0.0022124052 0.00874297
0.00171163 0.0022118092 0.008739826
0.0017111484 0.002211213 0.008736675
0.0017106688 0.002210617 0.008733532
0.0017101885 0.002210021 0.008730396
0.0017097098 0.002209425 0.008727265
0.0017092314 0.002208829 0.008724121
0.0017087522 0.0022081137 0.0087210005
0.0017082739 0.0022075176 0.008717872
0.0017077967 0.0022069216 0.0087147495
0.0017073187 0.0022063255 0.008711635
0.0017068434 0.0022057295 0.0087085115
0.001706368 0.0022051334 0.008705399
0.0017058898 0.0022045374 0.008702289
0.0017054139 0.0022039413 0.008699183
0.0017049392 0.0022033453 0.008696079
0.0017044643 0.0022027493 0.008692972
0.0017039898 0.0022021532 0.008689875
0.0017035162 0.0022016168 0.00868677
0.0017030409 0.0022009015 0.008683683
0.0017025685 0.0022003055 0.008680589
0.0017020969 0.0021997094 0.008677504
0.001701623 0.0021991134 0.008674415
0.0017011523 0.0021985173 0.0086713405
0.0017006802 0.0021979213 0.0086682625
0.0017002109 0.0021973252 0.008665195
0.0016997374 0.0021967292 0.00866211
0.001699269 0.0021961331 0.008659044
0.0016987983 0.002195537 0.008655983
0.0016983302 0.002194941 0.008652923
0.0016978614 0.002194345 0.008649868
0.0016973943 0.002193749 0.0086468095
0.0016969249 0.002193153 0.008643761
0.0016964596 0.0021925569 0.008640701
0.0016959937 0.0021919608 0.008637663
0.0016955279 0.0021913648 0.008634621
0.0016950606 0.0021907687 0.008631581
0.0016945951 0.0021901727 0.008628545
0.0016941298 0.0021895766 0.008625512
0.0016936653 0.0021889806 0.008622479
0.0016932018 0.0021883845 0.00861945
0.0016927384 0.002187848 0.008616423
0.001692275 0.002187252 0.008613394
0.0016918121 0.002186656 0.008610381
0.0016913482 0.00218606 0.008607353
0.0016908853 0.002185464 0.008604347
0.0016904249 0.0021848679 0.008601341
0.0016899632 0.002184391 0.008598329
0.0016895031 0.002183795 0.008595321
0.0016890414 0.002183199 0.008592311
0.0016885824 0.0021826029 0.008589318
0.0016881218 0.0021820068 0.008586326
0.0016876622 0.0021814108 0.008583331
0.0016872045 0.0021808147 0.008580341
0.0016867443 0.0021802187 0.008577364
0.0016862866 0.0021796227 0.008574372
0.0016858282 0.0021790266 0.008571401
0.0016853701 0.0021785498 0.008568423
0.0016849128 0.0021779537 0.00856545
0.0016844557 0.0021773577 0.008562483
0.0016840019 0.0021767616 0.008559512
0.001683546 0.0021761656 0.00855655
0.0016830899 0.0021755695 0.008553582
0.0016826349 0.0021749735 0.008550635
0.0016821808 0.0021744967 0.008547676
0.0016817253 0.0021739602 0.008544719
0.0016812723 0.0021733642 0.008541762
0.0016808176 0.002172768 0.008538819
0.001680364 0.002172172 0.008535864
0.001679913 0.002171576 0.008532919
0.0016794596 0.0021710992 0.0085299825
0.0016790103 0.0021705031 0.008527035
0.0016785589 0.002169907 0.008524109
0.0016781067 0.002169311 0.008521171
0.0016776562 0.002168715 0.008518243
0.0016772059 0.0021682382 0.0085153235
0.0016767571 0.0021676421 0.008512401
0.0016763079 0.002167046 0.008509489
0.0016758601 0.00216645 0.008506564
0.0016754111 0.002165854 0.008503645
0.0016749644 0.0021653771 0.008500722
0.0016745165 0.002164781 0.008497809
0.0016740685 0.002164185 0.008494889
0.0016736231 0.002163589 0.008491994
0.0016731755 0.0021631122 0.008489096
0.0016727303 0.0021625161 0.008486178
0.0016722828 0.00216192 0.008483286
0.0016718395 0.002161324 0.008480382
0.0016713922 0.0021608472 0.0084775
0.0016709475 0.0021603107 0.008474607
0.0016705022 0.0021597147 0.008471711
0.0016700593 0.0021591187 0.008468827
0.0016696149 0.0021586418 0.008465944
0.0016691722 0.0021580458 0.008463067
0.0016687282 0.0021574497 0.008460191
0.0016682873 0.002156973 0.008457324
0.001667845 0.0021563768 0.008454452
0.0016674036 0.0021557808 0.008451587
0.0016669616 0.0021551847 0.008448723
0.0016665212 0.002154708 0.008445863
0.0016660794 0.0021541119 0.008443008
0.0016656385 0.0021535158 0.0084401425
0.0016651977 0.002153039 0.008437294
0.0016647587 0.002152443 0.008434446
0.0016643179 0.002151847 0.008431602
0.0016638783 0.00215137 0.008428752
0.0016634396 0.002150774 0.008425919
0.0016630001 0.002150178 0.008423083
0.0016625617 0.0021497011 0.00842024
0.0016621224 0.002149105 0.0084174145
0.0016616866 0.002148509 0.0084145805
0.0016612498 0.0021480322 0.008411748
0.0016608142 0.0021474361 0.0084089255
0.0016603771 0.0021469593 0.008406106
0.0016599407 0.0021464229 0.008403277
0.0016595054 0.0021458268 0.008400461
0.0016590701 0.00214535 0.008397649
0.0016586359 0.002144754 0.008394834
0.0016582 0.002144277 0.008392032
0.0016577669 0.002143681 0.008389223
0.0016573336 0.002143085 0.008386419
0.0016569013 0.0021426082 0.008383612
0.0016564683 0.0021420121 0.008380826
0.0016560362 0.0021415353 0.008378033
0.0016556042 0.0021409392 0.0083752405
0.0016551741 0.0021403432 0.008372445
0.0016547431 0.0021398664 0.008369662
0.001654313 0.0021392703 0.00836688
0.0016538815 0.0021387935 0.008364095
0.0016534532 0.0021381974 0.008361324
0.0016530235 0.0021376014 0.008358545
0.001652594 0.0021371245 0.00835577
0.0016521652 0.0021365285 0.00835301
0.0016517383 0.0021360517 0.008350234
0.0016513098 0.0021354556 0.008347469
0.0016508822 0.0021349788 0.008344707
0.0016504546 0.0021343827 0.008341946
0.0016500289 0.002133906 0.008339184
0.001649604 0.0021333098 0.008336437
0.0016491768 0.0021327734 0.008333677
0.0016487513 0.0021322966 0.00833092
0.001648326 0.0021317005 0.008328183
0.0016479008 0.0021312237 0.008325431
0.0016474772 0.0021306276 0.008322698
0.0016470529 0.0021301508 0.008319964
0.0016466288 0.0021295547 0.008317226
0.0016462072 0.002129078 0.008314493
0.0016457825 0.0021284819 0.008311761
0.0016453611 0.002128005 0.008309041
0.0016449373 0.002127409 0.0083063105
0.0016445153 0.0021269321 0.008303585
0.0016440941 0.002126336 0.0083008725
0.001643673 0.0021258593 0.008298157
0.0016432522 0.0021253824 0.008295446
0.0016428297 0.0021247864 0.008292731
0.0016424115 0.0021243095 0.008290014
0.0016419917 0.0021237135 0.008287306
0.0016415704 0.0021232367 0.008284594
0.0016411507 0.0021226406 0.0082819
0.0016407327 0.0021221638 0.008279182
0.0016403119 0.0021215677 0.008276481
0.0016398941 0.002121091 0.008273792
0.0016394765 0.0021204948 0.008271097
0.0016390599 0.002120018 0.008268415
0.0016386409 0.0021195412 0.008265713
0.0016382235 0.0021190047 0.0082630245
0.0016378071 0.002118528 0.008260348
0.0016373892 0.0021179318 0.008257665
0.0016369724 0.002117455 0.00825499
0.0016365586 0.0021169782 0.008252317
0.0016361426 0.0021163821 0.0082496395
0.001635726 0.0021159053 0.008246971
0.0016353126 0.0021153092 0.008244304
0.0016348968 0.0021148324 0.008241642
0.0016344828 0.0021143556 0.008238981
0.0016340689 0.0021137595 0.0082363235
0.0016336535 0.0021132827 0.008233672
0.0016332414 0.0021126866 0.008231008
0.0016328278 0.0021122098 0.008228359
0.0016324136 0.002111733 0.008225713
0.0016320009 0.002111137 0.008223064
0.0016315893 0.00211066 0.008220413
0.0016311776 0.002110064 0.008217765
0.0016307654 0.0021095872 0.008215127
0.0016303541 0.0021091104 0.008212489
0.0016299434 0.0021085143 0.008209856
0.0016295337 0.0021080375 0.008207217
0.0016291211 0.0021075606 0.008204593
0.0016287132 0.0021069646 0.008201963
0.0016283047 0.0021064878 0.008199333
0.0016278962 0.002106011 0.008196709
0.0016274886 0.0021054149 0.008194088
0.0016270796 0.0021049976 0.008191462
0.001626673 0.0021045208 0.008188843
0.0016262656 0.0021039248 0.008186218
0.0016258593 0.002103448 0.008183605
0.0016254515 0.002102971 0.008180996
0.0016250452 0.002102375 0.008178382
0.0016246391 0.0021018982 0.008175775
0.0016242331 0.0021014214 0.008173173
0.0016238288 0.0021008253 0.008170572
0.0016234238 0.0021003485 0.008167973
0.0016230181 0.0020998716 0.008165373
0.0016226133 0.0020993948 0.008162782
0.00162221 0.0020987988 0.0081601925
0.0016218062 0.002098322 0.008157595
0.001621404 0.002097845 0.008155011
0.0016209995 0.002097249 0.008152415
0.0016205976 0.0020967722 0.0081498325
0.0016201934 0.0020962954 0.008147257
0.0016197915 0.0020958185 0.008144677
0.0016193899 0.0020952225 0.0081421
0.0016189881 0.0020947456 0.008139521
0.0016185851 0.0020942688 0.008136946
0.0016181845 0.002093792 0.008134375
0.0016177833 0.002093196 0.0081318095
0.0016173827 0.002092719 0.008129245
0.0016169816 0.0020922422 0.008126688
0.0016165823 0.0020917654 0.008124129
0.0016161837 0.0020912886 0.008121573
0.0016157844 0.0020907521 0.008119012
0.0016153859 0.0020902753 0.008116462
0.0016149883 0.0020897985 0.008113906
0.0016145909 0.0020893216 0.008111362
0.0016141935 0.0020887256 0.008108816
0.0016137972 0.0020882487 0.008106273
0.0016134006 0.002087772 0.008103736
0.001613003 0.002087295 0.008101198
0.001612609 0.0020868182 0.008098658
0.001612213 0.0020863414 0.008096123
0.0016118194 0.0020857453 0.008093596
0.0016114233 0.0020852685 0.008091066
0.0016110298 0.0020847917 0.008088533
0.0016106341 0.0020843148 0.008086009
0.0016102416 0.002083838 0.008083485
0.0016098468 0.002083242 0.008080973
0.0016094552 0.002082765 0.008078448
0.0016090623 0.0020822883 0.008075938
0.0016086694 0.0020818114 0.008073413
0.0016082765 0.0020813346 0.008070904
0.0016078854 0.0020808578 0.008068397
0.0016074942 0.002080381 0.00806589
0.0016071016 0.0020797849 0.008063387
0.00160671 0.002079308 0.008060874
0.0016063199 0.0020788312 0.008058385
0.0016059309 0.0020783544 0.008055884
0.00160554 0.0020778775 0.008053386
0.0016051511 0.0020774007 0.008050895
0.0016047615 0.0020769238 0.008048409
0.0016043725 0.0020763874 0.008045923
0.0016039838 0.0020759106 0.008043442
0.001603596 0.0020754337 0.008040954
0.0016032076 0.002074957 0.008038471
0.001602822 0.00207448 0.008036
0.0016024353 0.0020740032 0.008033514
0.0016020485 0.0020735264 0.008031041
0.0016016627 0.0020730495 0.008028565
0.0016012776 0.0020725727 0.008026093
0.0016008911 0.0020720959 0.008023629
0.0016005071 0.002071619 0.008021152
0.0016001216 0.002071023 0.008018694
0.0015997377 0.0020705462 0.008016224
0.001599353 0.0020700693 0.008013768
0.0015989695 0.0020695925 0.008011304
0.001598585 0.0020691156 0.008008849
0.0015982031 0.0020686388 0.008006402
0.0015978197 0.002068162 0.008003952
0.0015974386 0.0020676851 0.008001499
0.0015970569 0.0020672083 0.007999054
0.0015966744 0.0020667315 0.007996603
0.001596293 0.0020662546 0.007994156
0.0015959122 0.0020657778 0.007991717
0.0015955301 0.002065301 0.007989272
0.0015951496 0.002064824 0.007986831
0.00159477 0.0020643473 0.007984402
0.0015943896 0.0020638704 0.007981966
0.0015940102 0.0020633936 0.007979532
0.0015936316 0.0020629168 0.007977112
0.0015932522 0.00206244 0.007974679
0.0015928737 0.0020620227 0.00797225
0.0015924954 0.0020615458 0.007969833
0.0015921171 0.002061069 0.0079674125
0.0015917411 0.0020605922 0.00796499
0.0015913624 0.0020601153 0.007962575
0.0015909859 0.0020596385 0.007960161
0.0015906079 0.0020591617 0.007957748
0.0015902324 0.0020586848 0.007955339
0.0015898561 0.002058208 0.007952934
0.0015894807 0.0020577312 0.007950523
0.001589104 0.0020572543 0.00794812
0.0015887287 0.0020567775 0.007945726
0.0015883537 0.0020563006 0.00794332
0.0015879794 0.0020558238 0.007940924
0.0015876037 0.002055347 0.0079385275
0.0015872312 0.0020548701 0.00793614
0.0015868556 0.0020543933 0.007933745
0.0015864831 0.0020539165 0.0079313535
0.0015861101 0.0020534396 0.007928968
0.0015857357 0.0020529628 0.007926583
0.001585362 0.002052486 0.007924199
0.0015849869 0.002052009 0.007921815
0.0015846158 0.0020515323 0.007919439
0.0015842423 0.0020510554 0.0079170605
0.0015838705 0.0020505786 0.007914683
0.0015834966 0.0020501018 0.007912309
0.0015831257 0.002049625 0.007909941
0.0015827527 0.002049148 0.007907572
0.0015823819 0.0020486712 0.007905216
0.0015820098 0.0020483136 0.007902837
0.0015816394 0.0020478368 0.007900483
0.0015812682 0.0020474195 0.007898125
0.0015808978 0.0020469427 0.007895767
0.0015805268 0.0020464659 0.007893418
0.0015801574 0.002045989 0.007891063
0.0015797873 0.0020455122 0.007888707
0.0015794166 0.0020450354 0.00788636
0.0015790466 0.0020445585 0.0078840135
0.0015786791 0.0020440817 0.007881671
0.0015783093 0.002043724 0.0078793345
0.0015779412 0.0020432472 0.007876989
0.0015775709 0.0020427704 0.0078746425
0.0015772029 0.0020422935 0.007872307
0.001576835 0.0020418167 0.007869965
0.001576468 0.0020413399 0.007867631
0.0015760994 0.002040863 0.007865298
0.0015757334 0.0020403862 0.007862968
0.0015753658 0.0020400286 0.007860636
0.0015749998 0.0020395517 0.007858309
0.0015746325 0.002039075 0.007855985
0.0015742675 0.002038598 0.007853667
0.0015739003 0.0020381212 0.007851348
0.0015735354 0.0020376444 0.007849031
0.0015731705 0.0020371675 0.007846721
0.0015728043 0.0020366907 0.007844399
0.001572439 0.002036333 0.00784209
0.0015720745 0.0020358562 0.007839783
0.0015717093 0.0020353794 0.0078374725
0.0015713449 0.0020349026 0.0078351665
0.0015709791 0.0020344257 0.007832858
0.0015706172 0.002033949 0.007830564
0.0015702524 0.0020335913 0.007828253
0.0015698891 0.002033174 0.007825953
0.0015695266 0.0020326972 0.007823658
0.0015691627 0.0020322204 0.00782136
0.0015688019 0.0020317435 0.00781907
0.0015684413 0.002031386 0.007816784
0.0015680799 0.002030909 0.007814499
0.0015677201 0.0020304322 0.0078122066
0.0015673588 0.0020299554 0.0078099268
0.0015669977 0.0020294785 0.007807643
0.0015666382 0.0020290017 0.0078053577
0.0015662801 0.002028644 0.0078030787
0.0015659202 0.0020281672 0.0078008054
0.0015655608 0.0020276904 0.0077985283
0.0015652024 0.0020272136 0.007796249
0.0015648446 0.0020267367 0.00779397
0.0015644863 0.002026379 0.0077916975
0.0015641289 0.0020259023 0.0077894204
0.0015637715 0.0020254254 0.0077871573
0.0015634141 0.0020249486 0.0077848965
0.0015630592 0.0020244718 0.0077826316
0.0015627028 0.0020241141 0.0077803745
0.0015623464 0.0020236373 0.0077781184
0.0015619909 0.0020231605 0.007775867
0.0015616355 0.0020226836 0.007773607
0.0015612801 0.0020222068 0.007771357
0.0015609256 0.0020218492 0.0077691036
0.0015605697 0.0020213723 0.007766854
0.0015602168 0.0020208955 0.0077646123
0.0015598625 0.0020204186 0.0077623646
0.0015595091 0.002020061 0.0077601247
0.0015591551 0.0020195842 0.0077578714
0.0015588016 0.0020191073 0.007755632
0.0015584499 0.0020186305 0.007753398
0.0015580967 0.0020183325 0.0077511533
0.0015577431 0.0020178556 0.0077489195
0.00155739 0.0020173788 0.0077466876
0.0015570379 0.002016902 0.0077444557
0.0015566858 0.0020165443 0.007742235
0.0015563315 0.0020160675 0.007740001
0.0015559811 0.0020155907 0.0077377753
0.0015556308 0.0020151138 0.007735557
0.0015552798 0.0020147562 0.007733328
0.0015549288 0.0020142794 0.007731111
0.0015545802 0.0020138025 0.0077288905
0.0015542294 0.002013445 0.0077266674
0.0015538794 0.002012968 0.0077244635
0.0015535296 0.0020124912 0.007722245
0.0015531798 0.0020121336 0.0077200383
0.0015528308 0.0020116568 0.007717829
0.0015524812 0.00201118 0.007715617
0.0015521323 0.002010703 0.007713408
0.0015517835 0.0020103455 0.0077111963
0.0015514357 0.0020098686 0.007708993
0.0015510877 0.0020093918 0.007706783
0.00155074 0.0020090342 0.0077045923
0.0015503922 0.0020085573 0.0077023897
0.0015500439 0.0020080805 0.0077001997
0.0015496978 0.0020077229 0.0076980074
0.0015493503 0.002007246 0.007695814
0.0015490045 0.0020067692 0.007693619
0.0015486586 0.0020064116 0.007691432
0.0015483128 0.0020059347 0.0076892446
0.0015479664 0.002005577 0.0076870583
0.0015476224 0.0020051003 0.0076848795
0.0015472767 0.0020046234 0.0076826913
0.0015469335 0.0020042658 0.0076805144
0.0015465874 0.002003789 0.0076783374
0.0015462458 0.0020033717 0.0076761725
0.0015459013 0.002003014 0.007674004
0.0015455576 0.0020025373 0.007671823
0.001545214 0.0020021796 0.007669655
0.0015448726 0.0020017028 0.007667489
0.0015445292 0.002001226 0.007665323
0.0015441881 0.0020008683 0.007663154
0.0015438447 0.0020003915 0.007660997
0.0015435031 0.0019999146 0.007658837
0.0015431613 0.001999557 0.0076566776
0.0015428206 0.0019990802 0.007654515
0.0015424789 0.0019987226 0.0076523605
0.0015421383 0.0019982457 0.007650202
0.001541799 0.0019977689 0.007648056
0.0015414585 0.0019974113 0.0076459027
0.0015411194 0.0019969344 0.0076437583
0.0015407791 0.0019965768 0.007641617
0.0015404401 0.0019961 0.0076394733
0.0015401008 0.001995623 0.007637333
0.0015397612 0.0019952655 0.00763519
0.0015394218 0.0019947886 0.007633052
0.001539084 0.001994431 0.0076309177
